   111 -0.106600 0.046400 -0.060400 0.024437 -0.001005 -0.999701 -0.168519 -0.985693 -0.003200 -0.985395 0.168547 -0.024257 1.042354
   112 -0.106600 0.046400 -0.060400 -0.168519 -0.985693 -0.003200 -0.024437 0.001005 0.999701 -0.985395 0.168547 -0.024257 -0.000144
   113 -0.106600 0.046400 -0.060400 0.024437 -0.001005 -0.999701 -0.168519 -0.985693 -0.003200 -0.985395 0.168547 -0.024257 0.002229
   121 -0.102000 0.063100 -0.025600 0.056860 -0.010148 -0.998331 -0.220772 -0.975322 -0.002669 -0.973667 0.220554 -0.057697 1.037716
   122 -0.102000 0.063100 -0.025600 0.056860 -0.010148 -0.998331 -0.220772 -0.975322 -0.002669 -0.973667 0.220554 -0.057697 -0.007993
   123 -0.102000 0.063100 -0.025600 -0.220772 -0.975322 -0.002669 -0.056860 0.010148 0.998331 -0.973667 0.220554 -0.057697 0.001547
   131 -0.108500 0.030200 -0.026600 0.015444 0.001140 -0.999880 -0.084642 -0.996409 -0.002406 -0.996292 0.084669 -0.015292 1.002006
   132 -0.108500 0.030200 -0.026600 0.015444 0.001140 -0.999880 -0.084642 -0.996409 -0.002406 -0.996292 0.084669 -0.015292 -0.008966
   133 -0.108500 0.030200 -0.026600 -0.084642 -0.996409 -0.002406 -0.015444 -0.001140 0.999880 -0.996292 0.084669 -0.015292 0.001888
   141 -0.109900 0.013100 -0.062700 -0.028561 0.002214 -0.999590 -0.029783 -0.999555 -0.001424 -0.999148 0.029731 0.028614 0.997041
   142 -0.109900 0.013100 -0.062700 -0.029783 -0.999555 -0.001424 0.028561 -0.002214 0.999590 -0.999148 0.029731 0.028614 -0.007489
   143 -0.109900 0.013100 -0.062700 -0.028561 0.002214 -0.999590 -0.029783 -0.999555 -0.001424 -0.999148 0.029731 0.028614 -0.001313
   211 -0.107400 0.032900 0.008000 -0.053089 0.007891 -0.998559 -0.099595 -0.995025 -0.002601 -0.993611 0.099313 0.053610 0.997926
   212 -0.107400 0.032900 0.008000 -0.099595 -0.995025 -0.002601 0.053089 -0.007891 0.998559 -0.993611 0.099313 0.053610 -0.006295
   213 -0.107400 0.032900 0.008000 -0.053089 0.007891 -0.998559 -0.099595 -0.995025 -0.002601 -0.993611 0.099313 0.053610 0.000786
   221 -0.098900 0.040300 0.041300 -0.339384 0.059169 -0.938785 -0.166473 -0.986044 -0.001952 -0.925799 0.155619 0.344498 0.996393
   222 -0.098900 0.040300 0.041300 -0.339384 0.059169 -0.938785 -0.166473 -0.986044 -0.001952 -0.925799 0.155619 0.344498 -0.006173
   223 -0.098900 0.040300 0.041300 -0.166473 -0.986044 -0.001952 0.339384 -0.059169 0.938785 -0.925799 0.155619 0.344498 -0.002570
   231 -0.101100 0.004400 0.040800 -0.345900 0.008993 -0.938228 0.038941 -0.998955 -0.023924 -0.937463 -0.044811 0.345189 0.997914
   232 -0.101100 0.004400 0.040800 -0.345900 0.008993 -0.938228 0.038941 -0.998955 -0.023924 -0.937463 -0.044811 0.345189 -0.006404
   233 -0.101100 0.004400 0.040800 0.038941 -0.998955 -0.023924 0.345900 -0.008993 0.938228 -0.937463 -0.044811 0.345189 -0.000786
   241 -0.108300 -0.001100 0.007100 -0.075551 -0.011079 -0.997080 0.077877 -0.996949 0.005216 -0.994097 -0.077255 0.076183 0.994720
   242 -0.108300 -0.001100 0.007100 0.077877 -0.996949 0.005216 0.075551 0.011079 0.997080 -0.994097 -0.077255 0.076183 -0.008772
   243 -0.108300 -0.001100 0.007100 -0.075551 -0.011079 -0.997080 0.077877 -0.996949 0.005216 -0.994097 -0.077255 0.076183 0.000780
   311 -0.086100 0.098800 0.009000 -0.035226 0.118211 -0.992364 -0.490991 -0.866924 -0.085852 -0.870453 0.484217 0.088579 0.998110
   312 -0.086100 0.098800 0.009000 -0.490991 -0.866924 -0.085852 0.035226 -0.118211 0.992364 -0.870453 0.484217 0.088579 -0.007118
   313 -0.086100 0.098800 0.009000 -0.035226 0.118211 -0.992364 -0.490991 -0.866924 -0.085852 -0.870453 0.484217 0.088579 -0.001524
   321 -0.088700 0.075700 0.041200 -0.348713 0.117714 -0.929808 -0.372846 -0.927623 0.022395 -0.859875 0.354484 0.367364 0.990444
   322 -0.088700 0.075700 0.041200 -0.348713 0.117714 -0.929808 -0.372846 -0.927623 0.022395 -0.859875 0.354484 0.367364 -0.007523
   323 -0.088700 0.075700 0.041200 -0.372846 -0.927623 0.022395 0.348713 -0.117714 0.929808 -0.859875 0.354484 0.367364 0.003439
   331 -0.070200 0.075800 0.070700 -0.590465 0.227111 -0.774450 -0.395374 -0.917956 0.032198 -0.703598 0.325210 0.631814 0.992116
   332 -0.070200 0.075800 0.070700 -0.395374 -0.917956 0.032198 0.590465 -0.227111 0.774450 -0.703598 0.325210 0.631814 -0.008264
   333 -0.070200 0.075800 0.070700 -0.590465 0.227111 -0.774450 -0.395374 -0.917956 0.032198 -0.703598 0.325210 0.631814 -0.000286
   341 -0.100300 0.065900 0.008100 -0.064397 0.024278 -0.997629 -0.288676 -0.957415 -0.004673 -0.955259 0.287691 0.068662 1.000489
   342 -0.100300 0.065900 0.008100 -0.288676 -0.957415 -0.004673 0.064397 -0.024278 0.997629 -0.955259 0.287691 0.068662 -0.004414
   343 -0.100300 0.065900 0.008100 -0.064397 0.024278 -0.997629 -0.288676 -0.957415 -0.004673 -0.955259 0.287691 0.068662 0.004238
   411 -0.080800 0.041300 0.072000 -0.641624 0.048907 -0.765459 -0.144850 -0.987735 0.058288 -0.753220 0.148276 0.640839 0.991049
   412 -0.080800 0.041300 0.072000 -0.144850 -0.987735 0.058288 0.641624 -0.048907 0.765459 -0.753220 0.148276 0.640839 -0.006317
   413 -0.080800 0.041300 0.072000 -0.641624 0.048907 -0.765459 -0.144850 -0.987735 0.058288 -0.753220 0.148276 0.640839 0.000290
   421 -0.052600 0.040600 0.095200 -0.875641 -0.019487 -0.482569 -0.056836 -0.988089 0.143002 -0.479608 0.152646 0.864104 1.004478
   422 -0.052600 0.040600 0.095200 -0.875641 -0.019487 -0.482569 -0.056836 -0.988089 0.143002 -0.479608 0.152646 0.864104 -0.005071
   423 -0.052600 0.040600 0.095200 -0.056836 -0.988089 0.143002 0.875641 0.019487 0.482569 -0.479608 0.152646 0.864104 -0.002910
   431 -0.053700 0.005900 0.096900 -0.868058 -0.017658 -0.496149 0.032033 -0.999274 -0.020643 -0.495425 -0.033813 0.867992 1.010076
   432 -0.053700 0.005900 0.096900 -0.868058 -0.017658 -0.496149 0.032033 -0.999274 -0.020643 -0.495425 -0.033813 0.867992 -0.003209
   433 -0.053700 0.005900 0.096900 0.032033 -0.999274 -0.020643 0.868058 0.017658 0.496149 -0.495425 -0.033813 0.867992 -0.005373
   441 -0.082900 0.006200 0.072800 -0.640845 0.002587 -0.767666 0.041808 -0.998394 -0.038228 -0.766532 -0.056593 0.639708 1.005502
   442 -0.082900 0.006200 0.072800 0.041808 -0.998394 -0.038228 0.640845 -0.002587 0.767666 -0.766532 -0.056593 0.639708 -0.002602
   443 -0.082900 0.006200 0.072800 -0.640845 0.002587 -0.767666 0.041808 -0.998394 -0.038228 -0.766532 -0.056593 0.639708 0.004454
   511 -0.063700 0.125400 0.013600 0.007610 0.231717 -0.972753 -0.795272 -0.588315 -0.146382 -0.606204 0.774718 0.179801 0.982984
   512 -0.063700 0.125400 0.013600 -0.795272 -0.588315 -0.146382 -0.007610 -0.231717 0.972753 -0.606204 0.774718 0.179801 -0.002501
   513 -0.063700 0.125400 0.013600 0.007610 0.231717 -0.972753 -0.795272 -0.588315 -0.146382 -0.606204 0.774718 0.179801 0.000401
   521 -0.033200 0.139700 0.017400 0.009737 0.221486 -0.975115 -0.956816 -0.281268 -0.073426 -0.290532 0.933721 0.209182 0.998759
   522 -0.033200 0.139700 0.017400 -0.956816 -0.281268 -0.073426 -0.009737 -0.221486 0.975115 -0.290532 0.933721 0.209182 -0.007377
   523 -0.033200 0.139700 0.017400 0.009737 0.221486 -0.975115 -0.956816 -0.281268 -0.073426 -0.290532 0.933721 0.209182 0.005963
   531 -0.033700 0.127400 0.048500 -0.052166 0.469669 -0.881300 -0.961341 -0.262535 -0.083057 -0.270382 0.842897 0.465208 1.004247
   532 -0.033700 0.127400 0.048500 -0.052166 0.469669 -0.881300 -0.961341 -0.262535 -0.083057 -0.270382 0.842897 0.465208 -0.003139
   533 -0.033700 0.127400 0.048500 -0.961341 -0.262535 -0.083057 0.052166 -0.469669 0.881300 -0.270382 0.842897 0.465208 0.006079
   541 -0.067200 0.108900 0.044300 -0.168353 0.375243 -0.911510 -0.703902 -0.693117 -0.155277 -0.690050 0.615472 0.380822 1.006250
   542 -0.067200 0.108900 0.044300 -0.168353 0.375243 -0.911510 -0.703902 -0.693117 -0.155277 -0.690050 0.615472 0.380822 0.003478
   543 -0.067200 0.108900 0.044300 -0.703902 -0.693117 -0.155277 0.168353 -0.375243 0.911510 -0.690050 0.615472 0.380822 -0.001658
   611 -0.035800 0.104800 0.075000 -0.008694 0.769132 -0.639031 -0.957285 -0.191086 -0.217008 -0.289018 0.609848 0.737939 0.999994
   612 -0.035800 0.104800 0.075000 -0.957285 -0.191086 -0.217008 0.008694 -0.769132 0.639031 -0.289018 0.609848 0.737939 -0.005474
   613 -0.035800 0.104800 0.075000 -0.008694 0.769132 -0.639031 -0.957285 -0.191086 -0.217008 -0.289018 0.609848 0.737939 0.000331
   621 0.000100 0.077500 0.096700 0.000208 0.918246 -0.396010 -0.999947 0.004349 0.009339 0.010297 0.395987 0.918199 1.008050
   622 0.000100 0.077500 0.096700 0.000208 0.918246 -0.396010 -0.999947 0.004349 0.009339 0.010297 0.395987 0.918199 -0.004250
   623 0.000100 0.077500 0.096700 -0.999947 0.004349 0.009339 -0.000208 -0.918246 0.396010 0.010297 0.395987 0.918199 0.004872
   631 -0.018400 0.044000 0.106300 0.008162 0.981650 -0.190516 -0.991756 -0.016324 -0.127093 -0.127870 0.189984 0.973425 0.992751
   632 -0.018400 0.044000 0.106300 -0.991756 -0.016324 -0.127093 -0.008162 -0.981650 0.190516 -0.127870 0.189984 0.973425 -0.006316
   633 -0.018400 0.044000 0.106300 0.008162 0.981650 -0.190516 -0.991756 -0.016324 -0.127093 -0.127870 0.189984 0.973425 0.001409
   641 -0.036800 0.075300 0.092200 -0.024358 0.895460 -0.444474 -0.953605 -0.154239 -0.258549 -0.300075 0.417556 0.857673 0.982533
   642 -0.036800 0.075300 0.092200 -0.024358 0.895460 -0.444474 -0.953605 -0.154239 -0.258549 -0.300075 0.417556 0.857673 -0.004125
   643 -0.036800 0.075300 0.092200 -0.953605 -0.154239 -0.258549 0.024358 -0.895460 0.444474 -0.300075 0.417556 0.857673 0.006804
   711 -0.018500 0.010500 0.109600 -0.989173 -0.011901 -0.146272 0.014779 -0.999713 -0.018858 -0.146005 -0.020816 0.989065 0.969906
   712 -0.018500 0.010500 0.109600 0.014779 -0.999713 -0.018858 0.989173 0.011901 0.146272 -0.146005 -0.020816 0.989065 0.004471
   713 -0.018500 0.010500 0.109600 -0.989173 -0.011901 -0.146272 0.014779 -0.999713 -0.018858 -0.146005 -0.020816 0.989065 -0.007108
   721 0.018600 0.010500 0.109600 0.985593 -0.007755 -0.168957 0.004968 0.999846 -0.016842 0.169062 0.015760 0.985479 1.010790
   722 0.018600 0.010500 0.109600 0.004968 0.999846 -0.016842 -0.985593 0.007755 0.168957 0.169062 0.015760 0.985479 -0.004753
   723 0.018600 0.010500 0.109600 0.985593 -0.007755 -0.168957 0.004968 0.999846 -0.016842 0.169062 0.015760 0.985479 0.010483
   731 0.018600 -0.023300 0.105900 -0.036030 -0.971192 -0.235559 0.987555 0.001493 -0.157270 0.153091 -0.238294 0.959051 0.996305
   732 0.018600 -0.023300 0.105900 0.987555 0.001493 -0.157270 0.036030 0.971192 0.235559 0.153091 -0.238294 0.959051 -0.001910
   733 0.018600 -0.023300 0.105900 -0.036030 -0.971192 -0.235559 0.987555 0.001493 -0.157270 0.153091 -0.238294 0.959051 -0.000913
   741 -0.018500 -0.023700 0.105800 0.040667 -0.966982 -0.251579 0.992441 0.009832 0.122328 -0.115816 -0.254653 0.960072 1.007389
   742 -0.018500 -0.023700 0.105800 0.992441 0.009832 0.122328 -0.040667 0.966982 0.251579 -0.115816 -0.254653 0.960072 0.006561
   743 -0.018500 -0.023700 0.105800 0.040667 -0.966982 -0.251579 0.992441 0.009832 0.122328 -0.115816 -0.254653 0.960072 0.005830
   811 0.000100 0.144500 0.018700 -0.000340 0.254715 -0.967016 -0.999911 -0.012976 -0.003029 -0.013320 0.966929 0.254697 0.997518
   812 0.000100 0.144500 0.018700 -0.999911 -0.012976 -0.003029 0.000340 -0.254715 0.967016 -0.013320 0.966929 0.254697 -0.013062
   813 0.000100 0.144500 0.018700 -0.000340 0.254715 -0.967016 -0.999911 -0.012976 -0.003029 -0.013320 0.966929 0.254697 0.004755
   821 0.000100 0.131600 0.050000 0.000702 0.498456 -0.866915 -0.999980 -0.005107 -0.003658 -0.006251 0.866900 0.498442 1.000070
   822 0.000100 0.131600 0.050000 0.000702 0.498456 -0.866915 -0.999980 -0.005107 -0.003658 -0.006251 0.866900 0.498442 -0.000938
   823 0.000100 0.131600 0.050000 -0.999980 -0.005107 -0.003658 -0.000702 -0.498456 0.866915 -0.006251 0.866900 0.498442 0.011582
   911 0.033100 0.139700 0.017300 -0.003639 0.242542 -0.970134 -0.967524 0.244349 0.064735 0.252753 0.938863 0.233777 0.988961
   912 0.033100 0.139700 0.017300 -0.967524 0.244349 0.064735 0.003639 -0.242542 0.970134 0.252753 0.938863 0.233777 -0.007155
   913 0.033100 0.139700 0.017300 -0.003639 0.242542 -0.970134 -0.967524 0.244349 0.064735 0.252753 0.938863 0.233777 0.001520
   921 0.063800 0.125300 0.013500 -0.018725 0.222114 -0.974841 -0.794558 0.588516 0.149419 0.606897 0.777366 0.165462 0.996732
   922 0.063800 0.125300 0.013500 -0.794558 0.588516 0.149419 0.018725 -0.222114 0.974841 0.606897 0.777366 0.165462 -0.000869
   923 0.063800 0.125300 0.013500 -0.018725 0.222114 -0.974841 -0.794558 0.588516 0.149419 0.606897 0.777366 0.165462 0.001257
   931 0.067100 0.108800 0.044400 0.164544 0.367779 -0.915240 -0.690788 0.705312 0.159206 0.704083 0.606040 0.370111 1.019539
   932 0.067100 0.108800 0.044400 0.164544 0.367779 -0.915240 -0.690788 0.705312 0.159206 0.704083 0.606040 0.370111 0.003960
   933 0.067100 0.108800 0.044400 -0.690788 0.705312 0.159206 -0.164544 -0.367779 0.915240 0.704083 0.606040 0.370111 -0.001604
   941 0.033800 0.127300 0.048600 0.057895 0.476240 -0.877407 -0.964444 0.253686 0.074105 0.257878 0.841920 0.473994 1.000624
   942 0.033800 0.127300 0.048600 0.057895 0.476240 -0.877407 -0.964444 0.253686 0.074105 0.257878 0.841920 0.473994 0.002180
   943 0.033800 0.127300 0.048600 -0.964444 0.253686 0.074105 -0.057895 -0.476240 0.877407 0.257878 0.841920 0.473994 0.006688
  1011 0.000100 0.109300 0.077100 0.000898 0.759374 -0.650653 -0.999875 -0.009614 -0.012515 -0.015760 0.650584 0.759271 1.007615
  1012 0.000100 0.109300 0.077100 -0.999875 -0.009614 -0.012515 -0.000898 -0.759374 0.650653 -0.015760 0.650584 0.759271 -0.010038
  1013 0.000100 0.109300 0.077100 0.000898 0.759374 -0.650653 -0.999875 -0.009614 -0.012515 -0.015760 0.650584 0.759271 0.002045
  1021 0.035800 0.104800 0.075000 0.006788 0.768209 -0.640163 -0.963144 0.177191 0.202378 0.268900 0.615195 0.741099 1.001003
  1022 0.035800 0.104800 0.075000 -0.963144 0.177191 0.202378 -0.006788 -0.768209 0.640163 0.268900 0.615195 0.741099 -0.010409
  1023 0.035800 0.104800 0.075000 0.006788 0.768209 -0.640163 -0.963144 0.177191 0.202378 0.268900 0.615195 0.741099 0.001187
  1031 0.036800 0.075200 0.092300 0.030770 0.898135 -0.438643 -0.951063 0.161287 0.263565 0.307463 0.409067 0.859146 1.003437
  1032 0.036800 0.075200 0.092300 0.030770 0.898135 -0.438643 -0.951063 0.161287 0.263565 0.307463 0.409067 0.859146 -0.005529
  1033 0.036800 0.075200 0.092300 -0.951063 0.161287 0.263565 -0.030770 -0.898135 0.438643 0.307463 0.409067 0.859146 0.004300
  1041 0.018400 0.044200 0.106200 -0.013882 0.979364 -0.201630 -0.991307 0.012908 0.130931 0.130832 0.201694 0.970671 1.000198
  1042 0.018400 0.044200 0.106200 -0.991307 0.012908 0.130931 0.013882 -0.979364 0.201630 0.130832 0.201694 0.970671 -0.008452
  1043 0.018400 0.044200 0.106200 -0.013882 0.979364 -0.201630 -0.991307 0.012908 0.130931 0.130832 0.201694 0.970671 -0.003616
  1111 0.052500 0.040600 0.095300 0.874575 -0.017969 -0.484558 -0.055358 0.989075 -0.136624 0.481718 0.146312 0.864026 1.001923
  1112 0.052500 0.040600 0.095300 0.874575 -0.017969 -0.484558 -0.055358 0.989075 -0.136624 0.481718 0.146312 0.864026 0.007689
  1113 0.052500 0.040600 0.095300 -0.055358 0.989075 -0.136624 -0.874575 0.017969 0.484558 0.481718 0.146312 0.864026 0.006478
  1121 0.080900 0.041300 0.072100 0.644116 0.052158 -0.763147 -0.173531 0.981623 -0.079387 0.744982 0.183565 0.641331 1.002913
  1122 0.080900 0.041300 0.072100 -0.173531 0.981623 -0.079387 -0.644116 -0.052158 0.763147 0.744982 0.183565 0.641331 -0.010361
  1123 0.080900 0.041300 0.072100 0.644116 0.052158 -0.763147 -0.173531 0.981623 -0.079387 0.744982 0.183565 0.641331 0.003828
  1131 0.082800 0.006100 0.072800 0.642782 0.000652 -0.766049 0.011864 0.999871 0.010843 0.765958 -0.016058 0.642691 1.005661
  1132 0.082800 0.006100 0.072800 0.011864 0.999871 0.010843 -0.642782 -0.000652 0.766049 0.765958 -0.016058 0.642691 -0.007045
  1133 0.082800 0.006100 0.072800 0.642782 0.000652 -0.766049 0.011864 0.999871 0.010843 0.765958 -0.016058 0.642691 -0.004445
  1141 0.053500 0.006200 0.097000 0.870837 -0.018275 -0.491232 0.029470 0.999452 0.015069 0.490687 -0.027599 0.870898 0.999736
  1142 0.053500 0.006200 0.097000 0.870837 -0.018275 -0.491232 0.029470 0.999452 0.015069 0.490687 -0.027599 0.870898 0.009517
  1143 0.053500 0.006200 0.097000 0.029470 0.999452 0.015069 -0.870837 0.018275 0.491232 0.490687 -0.027599 0.870898 0.008613
  1211 0.086200 0.098600 0.008900 0.042943 0.118124 -0.992070 -0.506037 0.858762 0.080336 0.861442 0.498574 0.096653 1.004791
  1212 0.086200 0.098600 0.008900 -0.506037 0.858762 0.080336 -0.042943 -0.118124 0.992070 0.861442 0.498574 0.096653 -0.009343
  1213 0.086200 0.098600 0.008900 0.042943 0.118124 -0.992070 -0.506037 0.858762 0.080336 0.861442 0.498574 0.096653 0.001842
  1221 0.100300 0.066000 0.008200 0.068986 0.028131 -0.997221 -0.320413 0.947267 0.004618 0.944764 0.319204 0.074362 1.000011
  1222 0.100300 0.066000 0.008200 -0.320413 0.947267 0.004618 -0.068986 -0.028131 0.997221 0.944764 0.319204 0.074362 -0.007949
  1223 0.100300 0.066000 0.008200 0.068986 0.028131 -0.997221 -0.320413 0.947267 0.004618 0.944764 0.319204 0.074362 -0.002549
  1231 0.088700 0.075700 0.041200 0.357578 0.121418 -0.925957 -0.382588 0.923534 -0.026674 0.851914 0.363797 0.376688 1.001683
  1232 0.088700 0.075700 0.041200 0.357578 0.121418 -0.925957 -0.382588 0.923534 -0.026674 0.851914 0.363797 0.376688 -0.008184
  1233 0.088700 0.075700 0.041200 -0.382588 0.923534 -0.026674 -0.357578 -0.121418 0.925957 0.851914 0.363797 0.376688 0.002338
  1241 0.069900 0.075800 0.070900 0.616655 0.240399 -0.749630 -0.429639 0.900694 -0.064509 0.659679 0.361850 0.658702 1.005908
  1242 0.069900 0.075800 0.070900 -0.429639 0.900694 -0.064509 -0.616655 -0.240399 0.749630 0.659679 0.361850 0.658702 -0.008258
  1243 0.069900 0.075800 0.070900 0.616655 0.240399 -0.749630 -0.429639 0.900694 -0.064509 0.659679 0.361850 0.658702 0.007018
  1311 0.098900 0.040400 0.041300 0.346465 0.061185 -0.936065 -0.172545 0.985002 0.000456 0.922054 0.161356 0.351825 1.005071
  1312 0.098900 0.040400 0.041300 0.346465 0.061185 -0.936065 -0.172545 0.985002 0.000456 0.922054 0.161356 0.351825 -0.005217
  1313 0.098900 0.040400 0.041300 -0.172545 0.985002 0.000456 -0.346465 -0.061185 0.936065 0.922054 0.161356 0.351825 0.002817
  1321 0.107400 0.032900 0.008100 0.074933 0.013125 -0.997102 -0.147726 0.989027 0.001919 0.986186 0.147154 0.076049 1.000592
  1322 0.107400 0.032900 0.008100 -0.147726 0.989027 0.001919 -0.074933 -0.013125 0.997102 0.986186 0.147154 0.076049 -0.008012
  1323 0.107400 0.032900 0.008100 0.074933 0.013125 -0.997102 -0.147726 0.989027 0.001919 0.986186 0.147154 0.076049 -0.002176
  1331 0.108300 -0.001100 0.006800 0.070279 -0.003283 -0.997522 0.041198 0.999151 -0.000350 0.996676 -0.041071 0.070355 1.003614
  1332 0.108300 -0.001100 0.006800 0.041198 0.999151 -0.000350 -0.070279 0.003283 0.997522 0.996676 -0.041071 0.070355 -0.006189
  1333 0.108300 -0.001100 0.006800 0.070279 -0.003283 -0.997522 0.041198 0.999151 -0.000350 0.996676 -0.041071 0.070355 -0.002599
  1341 0.101000 0.004400 0.041000 0.348636 0.008003 -0.937224 0.037996 0.999022 0.022624 0.936488 -0.043499 0.347991 1.004783
  1342 0.101000 0.004400 0.041000 0.348636 0.008003 -0.937224 0.037996 0.999022 0.022624 0.936488 -0.043499 0.347991 -0.001905
  1343 0.101000 0.004400 0.041000 0.037996 0.999022 0.022624 -0.348636 -0.008003 0.937224 0.936488 -0.043499 0.347991 0.005403
  1411 0.102000 0.063000 -0.026000 -0.056225 -0.007282 -0.998392 -0.216301 0.976314 0.005081 0.974706 0.216238 -0.056468 0.985554
  1412 0.102000 0.063000 -0.026000 -0.056225 -0.007282 -0.998392 -0.216301 0.976314 0.005081 0.974706 0.216238 -0.056468 -0.005329
  1413 0.102000 0.063000 -0.026000 -0.216301 0.976314 0.005081 0.056225 0.007282 0.998392 0.974706 0.216238 -0.056468 0.003327
  1421 0.106500 0.046900 -0.060000 -0.008683 0.004838 -0.999951 -0.150436 0.988601 0.006081 0.988582 0.150482 -0.007856 0.980870
  1422 0.106500 0.046900 -0.060000 -0.150436 0.988601 0.006081 0.008683 -0.004838 0.999951 0.988582 0.150482 -0.007856 -0.001913
  1423 0.106500 0.046900 -0.060000 -0.008683 0.004838 -0.999951 -0.150436 0.988601 0.006081 0.988582 0.150482 -0.007856 -0.005289
  1431 0.109800 0.013100 -0.062200 0.021887 0.004486 -0.999750 -0.005516 0.999975 0.004325 0.999745 0.005420 0.021911 0.991246
  1432 0.109800 0.013100 -0.062200 -0.005516 0.999975 0.004325 -0.021887 -0.004486 0.999750 0.999745 0.005420 0.021911 -0.000569
  1433 0.109800 0.013100 -0.062200 0.021887 0.004486 -0.999750 -0.005516 0.999975 0.004325 0.999745 0.005420 0.021911 -0.001394
  1441 0.108300 0.030100 -0.026200 -0.003426 0.004793 -0.999983 -0.116974 0.993121 0.005231 0.993129 0.116990 -0.002841 0.995691
  1442 0.108300 0.030100 -0.026200 -0.003426 0.004793 -0.999983 -0.116974 0.993121 0.005231 0.993129 0.116990 -0.002841 -0.008785
  1443 0.108300 0.030100 -0.026200 -0.116974 0.993121 0.005231 0.003426 -0.004793 0.999983 0.993129 0.116990 -0.002841 0.001279
  1511 -0.108800 -0.003200 -0.028400 0.003585 -0.000531 -0.999993 0.075703 -0.997130 0.000744 -0.997124 -0.075705 -0.003535 0.988520
  1512 -0.108800 -0.003200 -0.028400 0.003585 -0.000531 -0.999993 0.075703 -0.997130 0.000744 -0.997124 -0.075705 -0.003535 -0.009330
  1513 -0.108800 -0.003200 -0.028400 0.075703 -0.997130 0.000744 -0.003585 0.000531 0.999993 -0.997124 -0.075705 -0.003535 0.002447
  1521 -0.101700 -0.036000 -0.028100 0.020708 0.000082 -0.999786 0.346896 -0.937876 0.007151 -0.937675 -0.346969 -0.019450 0.999330
  1522 -0.101700 -0.036000 -0.028100 0.020708 0.000082 -0.999786 0.346896 -0.937876 0.007151 -0.937675 -0.346969 -0.019450 -0.008262
  1523 -0.101700 -0.036000 -0.028100 0.346896 -0.937876 0.007151 -0.020708 -0.000082 0.999786 -0.937675 -0.346969 -0.019450 0.002868
  1531 -0.095100 -0.052400 -0.062300 -0.029030 -0.006812 -0.999555 0.447951 -0.894031 -0.006889 -0.893587 -0.447952 0.029005 0.995540
  1532 -0.095100 -0.052400 -0.062300 0.447951 -0.894031 -0.006889 0.029030 0.006812 0.999555 -0.893587 -0.447952 0.029005 -0.004525
  1533 -0.095100 -0.052400 -0.062300 -0.029030 -0.006812 -0.999555 0.447951 -0.894031 -0.006889 -0.893587 -0.447952 0.029005 -0.003817
  1541 -0.106800 -0.020500 -0.062500 -0.044898 -0.004236 -0.998983 0.175511 -0.984470 -0.003726 -0.983453 -0.175501 0.044945 0.991120
  1542 -0.106800 -0.020500 -0.062500 0.175511 -0.984470 -0.003726 0.044898 0.004236 0.998983 -0.983453 -0.175501 0.044945 -0.006111
  1543 -0.106800 -0.020500 -0.062500 -0.044898 -0.004236 -0.998983 0.175511 -0.984470 -0.003726 -0.983453 -0.175501 0.044945 -0.006100
  1611 -0.101700 -0.033900 0.005600 -0.069833 -0.032116 -0.997042 0.338114 -0.941082 0.006684 -0.938512 -0.336647 0.076578 1.000657
  1612 -0.101700 -0.033900 0.005600 0.338114 -0.941082 0.006684 0.069833 0.032116 0.997042 -0.938512 -0.336647 0.076578 -0.006761
  1613 -0.101700 -0.033900 0.005600 -0.069833 -0.032116 -0.997042 0.338114 -0.941082 0.006684 -0.938512 -0.336647 0.076578 0.000096
  1621 -0.095200 -0.030800 0.039100 -0.320357 -0.056692 -0.945599 0.313104 -0.948448 -0.049124 -0.894066 -0.311807 0.321592 1.001122
  1622 -0.095200 -0.030800 0.039100 -0.320357 -0.056692 -0.945599 0.313104 -0.948448 -0.049124 -0.894066 -0.311807 0.321592 -0.005418
  1623 -0.095200 -0.030800 0.039100 0.313104 -0.948448 -0.049124 0.320357 0.056692 0.945599 -0.894066 -0.311807 0.321592 -0.000810
  1631 -0.078100 -0.062800 0.039400 -0.261789 -0.201391 -0.943879 0.597820 -0.801613 0.005198 -0.757673 -0.562909 0.330250 1.001262
  1632 -0.078100 -0.062800 0.039400 -0.261789 -0.201391 -0.943879 0.597820 -0.801613 0.005198 -0.757673 -0.562909 0.330250 -0.006264
  1633 -0.078100 -0.062800 0.039400 0.597820 -0.801613 0.005198 0.261789 0.201391 0.943879 -0.757673 -0.562909 0.330250 0.000609
  1641 -0.086600 -0.064000 0.005500 -0.061481 -0.048941 -0.996908 0.568943 -0.822360 0.005230 -0.820073 -0.566862 0.078405 1.002416
  1642 -0.086600 -0.064000 0.005500 0.568943 -0.822360 0.005230 0.061481 0.048941 0.996908 -0.820073 -0.566862 0.078405 -0.004537
  1643 -0.086600 -0.064000 0.005500 -0.061481 -0.048941 -0.996908 0.568943 -0.822360 0.005230 -0.820073 -0.566862 0.078405 0.000954
  1711 -0.075800 -0.079700 -0.062100 0.002028 -0.013438 -0.999908 0.674480 -0.738207 0.011245 -0.738290 -0.674441 0.007567 0.998305
  1712 -0.075800 -0.079700 -0.062100 0.674480 -0.738207 0.011245 -0.002028 0.013438 0.999908 -0.738290 -0.674441 0.007567 -0.005428
  1713 -0.075800 -0.079700 -0.062100 0.002028 -0.013438 -0.999908 0.674480 -0.738207 0.011245 -0.738290 -0.674441 0.007567 0.001286
  1721 -0.086100 -0.066000 -0.028200 0.018719 0.006537 -0.999803 0.577403 -0.816441 0.005468 -0.816245 -0.577392 -0.019057 1.001138
  1722 -0.086100 -0.066000 -0.028200 0.018719 0.006537 -0.999803 0.577403 -0.816441 0.005468 -0.816245 -0.577392 -0.019057 -0.008060
  1723 -0.086100 -0.066000 -0.028200 0.577403 -0.816441 0.005468 -0.018719 -0.006537 0.999803 -0.816245 -0.577392 -0.019057 0.003500
  1731 -0.063200 -0.090500 -0.027800 0.025998 0.037338 -0.998965 0.813768 -0.581190 -0.000493 -0.580606 -0.812913 -0.045495 1.001593
  1732 -0.063200 -0.090500 -0.027800 0.025998 0.037338 -0.998965 0.813768 -0.581190 -0.000493 -0.580606 -0.812913 -0.045495 -0.000249
  1733 -0.063200 -0.090500 -0.027800 0.813768 -0.581190 -0.000493 -0.025998 -0.037338 0.998965 -0.580606 -0.812913 -0.045495 0.001870
  1741 -0.048900 -0.099400 -0.062100 -0.004089 0.000073 -0.999992 0.894849 -0.446354 -0.003684 -0.446350 -0.894857 0.001760 0.995145
  1742 -0.048900 -0.099400 -0.062100 0.894849 -0.446354 -0.003684 0.004089 -0.000073 0.999992 -0.446350 -0.894857 0.001760 -0.006679
  1743 -0.048900 -0.099400 -0.062100 -0.004089 0.000073 -0.999992 0.894849 -0.446354 -0.003684 -0.446350 -0.894857 0.001760 0.002630
  1811 -0.078600 -0.028700 0.069600 -0.613913 -0.039537 -0.788383 0.246321 -0.958468 -0.143755 -0.749956 -0.282448 0.598155 1.000899
  1812 -0.078600 -0.028700 0.069600 0.246321 -0.958468 -0.143755 0.613913 0.039537 0.788383 -0.749956 -0.282448 0.598155 -0.005040
  1813 -0.078600 -0.028700 0.069600 -0.613913 -0.039537 -0.788383 0.246321 -0.958468 -0.143755 -0.749956 -0.282448 0.598155 0.005419
  1821 -0.051800 -0.027700 0.092700 -0.858889 0.025403 -0.511532 0.109072 -0.966742 -0.231331 -0.500396 -0.254481 0.827553 1.000034
  1822 -0.051800 -0.027700 0.092700 -0.858889 0.025403 -0.511532 0.109072 -0.966742 -0.231331 -0.500396 -0.254481 0.827553 -0.003327
  1823 -0.051800 -0.027700 0.092700 0.109072 -0.966742 -0.231331 0.858889 -0.025403 0.511532 -0.500396 -0.254481 0.827553 -0.005383
  1831 -0.018100 -0.054200 0.092300 0.071208 -0.838827 -0.539721 0.988845 -0.011573 0.148500 -0.130812 -0.544275 0.828645 0.999343
  1832 -0.018100 -0.054200 0.092300 0.071208 -0.838827 -0.539721 0.988845 -0.011573 0.148500 -0.130812 -0.544275 0.828645 -0.003561
  1833 -0.018100 -0.054200 0.092300 0.988845 -0.011573 0.148500 -0.071208 0.838827 0.539721 -0.130812 -0.544275 0.828645 -0.009851
  1841 -0.055200 -0.062700 0.070700 -0.381703 -0.497116 -0.779216 0.777577 -0.628468 0.020055 -0.499683 -0.598245 0.626434 0.998542
  1842 -0.055200 -0.062700 0.070700 0.777577 -0.628468 0.020055 0.381703 0.497116 0.779216 -0.499683 -0.598245 0.626434 -0.000124
  1843 -0.055200 -0.062700 0.070700 -0.381703 -0.497116 -0.779216 0.777577 -0.628468 0.020055 -0.499683 -0.598245 0.626434 -0.006254
  1911 -0.051300 -0.086100 0.039700 -0.155871 -0.303750 -0.939915 0.883148 -0.469066 0.005166 -0.442452 -0.829278 0.341370 1.001186
  1912 -0.051300 -0.086100 0.039700 -0.155871 -0.303750 -0.939915 0.883148 -0.469066 0.005166 -0.442452 -0.829278 0.341370 -0.011211
  1913 -0.051300 -0.086100 0.039700 0.883148 -0.469066 0.005166 0.155871 0.303750 0.939915 -0.442452 -0.829278 0.341370 0.001528
  1921 -0.033500 -0.103300 0.006200 -0.045226 -0.144206 -0.988514 0.960720 -0.277498 -0.003475 -0.273809 -0.949842 0.151091 1.002280
  1922 -0.033500 -0.103300 0.006200 0.960720 -0.277498 -0.003475 0.045226 0.144206 0.988514 -0.273809 -0.949842 0.151091 -0.005774
  1923 -0.033500 -0.103300 0.006200 -0.045226 -0.144206 -0.988514 0.960720 -0.277498 -0.003475 -0.273809 -0.949842 0.151091 0.001776
  1931 -0.033100 -0.105100 -0.027800 0.006955 0.019410 -0.999787 0.955883 -0.293746 0.000943 -0.293665 -0.955686 -0.020596 1.002758
  1932 -0.033100 -0.105100 -0.027800 0.006955 0.019410 -0.999787 0.955883 -0.293746 0.000943 -0.293665 -0.955686 -0.020596 -0.004455
  1933 -0.033100 -0.105100 -0.027800 0.955883 -0.293746 0.000943 -0.006955 -0.019410 0.999787 -0.293665 -0.955686 -0.020596 0.001183
  1941 -0.063600 -0.088400 0.006000 -0.067217 -0.090305 -0.993643 0.809936 -0.586516 -0.001441 -0.582658 -0.804884 0.112565 1.002442
  1942 -0.063600 -0.088400 0.006000 0.809936 -0.586516 -0.001441 0.067217 0.090305 0.993643 -0.582658 -0.804884 0.112565 -0.003254
  1943 -0.063600 -0.088400 0.006000 -0.067217 -0.090305 -0.993643 0.809936 -0.586516 -0.001441 -0.582658 -0.804884 0.112565 0.000586
  2011 -0.018600 -0.080100 0.069000 -0.001413 -0.622995 -0.782225 0.991616 -0.101951 0.079393 -0.129211 -0.775554 0.617916 0.997463
  2012 -0.018600 -0.080100 0.069000 0.991616 -0.101951 0.079393 0.001413 0.622995 0.782225 -0.129211 -0.775554 0.617916 0.001619
  2013 -0.018600 -0.080100 0.069000 -0.001413 -0.622995 -0.782225 0.991616 -0.101951 0.079393 -0.129211 -0.775554 0.617916 0.002164
  2021 0.018600 -0.080200 0.068900 0.002034 -0.628902 -0.777482 0.988003 0.121340 -0.095533 0.154421 -0.767960 0.621604 0.999672
  2022 0.018600 -0.080200 0.068900 0.988003 0.121340 -0.095533 -0.002034 0.628902 0.777482 0.154421 -0.767960 0.621604 0.003158
  2023 0.018600 -0.080200 0.068900 0.002034 -0.628902 -0.777482 0.988003 0.121340 -0.095533 0.154421 -0.767960 0.621604 0.005530
  2031 0.016900 -0.097200 0.039700 0.000202 -0.376154 -0.926557 0.989912 0.131355 -0.053104 0.141684 -0.917199 0.372386 0.999265
  2032 0.016900 -0.097200 0.039700 0.000202 -0.376154 -0.926557 0.989912 0.131355 -0.053104 0.141684 -0.917199 0.372386 -0.011559
  2033 0.016900 -0.097200 0.039700 0.989912 0.131355 -0.053104 -0.000202 0.376154 0.926557 0.141684 -0.917199 0.372386 -0.001837
  2041 -0.017000 -0.097200 0.039700 -0.001099 -0.377773 -0.925898 0.990772 -0.125884 0.050243 -0.135537 -0.917298 0.374425 0.998554
  2042 -0.017000 -0.097200 0.039700 -0.001099 -0.377773 -0.925898 0.990772 -0.125884 0.050243 -0.135537 -0.917298 0.374425 -0.004253
  2043 -0.017000 -0.097200 0.039700 0.990772 -0.125884 0.050243 0.001099 0.377773 0.925898 -0.135537 -0.917298 0.374425 0.001906
  2111 0.000000 -0.108600 0.007000 -0.000112 -0.167875 -0.985808 0.999739 0.022482 -0.003955 0.022827 -0.985552 0.167829 1.000136
  2112 0.000000 -0.108600 0.007000 0.999739 0.022482 -0.003955 0.000112 0.167875 0.985808 0.022827 -0.985552 0.167829 -0.001577
  2113 0.000000 -0.108600 0.007000 -0.000112 -0.167875 -0.985808 0.999739 0.022482 -0.003955 0.022827 -0.985552 0.167829 0.000119
  2121 0.000000 -0.110600 -0.027500 0.000016 0.038738 -0.999249 0.999860 0.016705 0.000680 0.016719 -0.999110 -0.038733 0.998660
  2122 0.000000 -0.110600 -0.027500 0.000016 0.038738 -0.999249 0.999860 0.016705 0.000680 0.016719 -0.999110 -0.038733 -0.002221
  2123 0.000000 -0.110600 -0.027500 0.999860 0.016705 0.000680 -0.000016 -0.038738 0.999249 0.016719 -0.999110 -0.038733 0.000669
  2131 0.017000 -0.109800 -0.061800 0.006972 0.002547 -0.999972 0.987122 0.159801 0.007353 0.159815 -0.987146 -0.001400 0.995211
  2132 0.017000 -0.109800 -0.061800 0.987122 0.159801 0.007353 -0.006972 -0.002547 0.999972 0.159815 -0.987146 -0.001400 -0.006291
  2133 0.017000 -0.109800 -0.061800 0.006972 0.002547 -0.999972 0.987122 0.159801 0.007353 0.159815 -0.987146 -0.001400 0.002913
  2141 -0.017100 -0.109800 -0.061900 -0.003680 0.001225 -0.999992 0.982911 -0.184040 -0.003806 -0.184043 -0.982918 -0.000527 0.991872
  2142 -0.017100 -0.109800 -0.061900 0.982911 -0.184040 -0.003806 0.003680 -0.001225 0.999992 -0.184043 -0.982918 -0.000527 -0.005348
  2143 -0.017100 -0.109800 -0.061900 -0.003680 0.001225 -0.999992 0.982911 -0.184040 -0.003806 -0.184043 -0.982918 -0.000527 0.005126
  2211 0.051700 -0.027600 0.092800 0.861204 0.026382 -0.507575 0.106229 0.967253 0.230515 0.497034 -0.252439 0.830200 0.999368
  2212 0.051700 -0.027600 0.092800 0.861204 0.026382 -0.507575 0.106229 0.967253 0.230515 0.497034 -0.252439 0.830200 0.001036
  2213 0.051700 -0.027600 0.092800 0.106229 0.967253 0.230515 -0.861204 -0.026382 0.507575 0.497034 -0.252439 0.830200 0.003615
  2221 0.078600 -0.028400 0.069800 0.629312 -0.043327 -0.775944 0.225233 0.965754 0.128800 0.743790 -0.255824 0.617519 1.004859
  2222 0.078600 -0.028400 0.069800 0.225233 0.965754 0.128800 -0.629312 0.043327 0.775944 0.743790 -0.255824 0.617519 -0.005393
  2223 0.078600 -0.028400 0.069800 0.629312 -0.043327 -0.775944 0.225233 0.965754 0.128800 0.743790 -0.255824 0.617519 -0.000935
  2231 0.055300 -0.062800 0.070600 0.373858 -0.489067 -0.788063 0.762385 0.645933 -0.039230 0.528223 -0.586140 0.614345 1.000700
  2232 0.055300 -0.062800 0.070600 0.762385 0.645933 -0.039230 -0.373858 0.489067 0.788063 0.528223 -0.586140 0.614345 -0.003009
  2233 0.055300 -0.062800 0.070600 0.373858 -0.489067 -0.788063 0.762385 0.645933 -0.039230 0.528223 -0.586140 0.614345 -0.003413
  2241 0.018200 -0.054200 0.092200 -0.069890 -0.841339 -0.535971 0.988689 0.013035 -0.149414 0.132694 -0.540352 0.830910 0.997532
  2242 0.018200 -0.054200 0.092200 -0.069890 -0.841339 -0.535971 0.988689 0.013035 -0.149414 0.132694 -0.540352 0.830910 0.006652
  2243 0.018200 -0.054200 0.092200 0.988689 0.013035 -0.149414 0.069890 0.841339 0.535971 0.132694 -0.540352 0.830910 -0.013513
  2311 0.051300 -0.086100 0.039700 0.150610 -0.297841 -0.942660 0.876355 0.481513 -0.012153 0.457523 -0.824274 0.333535 0.999869
  2312 0.051300 -0.086100 0.039700 0.150610 -0.297841 -0.942660 0.876355 0.481513 -0.012153 0.457523 -0.824274 0.333535 -0.001468
  2313 0.051300 -0.086100 0.039700 0.876355 0.481513 -0.012153 -0.150610 0.297841 0.942660 0.457523 -0.824274 0.333535 0.000028
  2321 0.063700 -0.088400 0.006200 0.057474 -0.072726 -0.995695 0.798917 0.601437 0.002239 0.598684 -0.795607 0.092669 0.999682
  2322 0.063700 -0.088400 0.006200 0.798917 0.601437 0.002239 -0.057474 0.072726 0.995695 0.598684 -0.795607 0.092669 -0.001807
  2323 0.063700 -0.088400 0.006200 0.057474 -0.072726 -0.995695 0.798917 0.601437 0.002239 0.598684 -0.795607 0.092669 0.007477
  2331 0.033000 -0.105100 -0.027700 -0.000458 0.009832 -0.999952 0.947936 0.318450 0.002684 0.318461 -0.947889 -0.009466 1.008268
  2332 0.033000 -0.105100 -0.027700 -0.000458 0.009832 -0.999952 0.947936 0.318450 0.002684 0.318461 -0.947889 -0.009466 -0.005177
  2333 0.033000 -0.105100 -0.027700 0.947936 0.318450 0.002684 0.000458 -0.009832 0.999952 0.318461 -0.947889 -0.009466 0.000411
  2341 0.033300 -0.103400 0.006300 0.041727 -0.123974 -0.991408 0.947472 0.319838 -0.000114 0.317104 -0.939327 0.130808 1.000628
  2342 0.033300 -0.103400 0.006300 0.947472 0.319838 -0.000114 -0.041727 0.123974 0.991408 0.317104 -0.939327 0.130808 -0.001754
  2343 0.033300 -0.103400 0.006300 0.041727 -0.123974 -0.991408 0.947472 0.319838 -0.000114 0.317104 -0.939327 0.130808 -0.000499
  2411 0.095200 -0.030600 0.039200 0.319799 -0.062188 -0.945442 0.300933 0.952842 0.039135 0.898424 -0.297030 0.323432 1.003009
  2412 0.095200 -0.030600 0.039200 0.319799 -0.062188 -0.945442 0.300933 0.952842 0.039135 0.898424 -0.297030 0.323432 -0.006529
  2413 0.095200 -0.030600 0.039200 0.300933 0.952842 0.039135 -0.319799 0.062188 0.945442 0.898424 -0.297030 0.323432 0.000207
  2421 0.101700 -0.033800 0.005800 0.070180 -0.029636 -0.997094 0.309362 0.950922 -0.006461 0.948350 -0.308010 0.075904 0.999762
  2422 0.101700 -0.033800 0.005800 0.309362 0.950922 -0.006461 -0.070180 0.029636 0.997094 0.948350 -0.308010 0.075904 -0.006339
  2423 0.101700 -0.033800 0.005800 0.070180 -0.029636 -0.997094 0.309362 0.950922 -0.006461 0.948350 -0.308010 0.075904 -0.001261
  2431 0.086600 -0.063900 0.005600 0.062799 -0.046568 -0.996939 0.547297 0.836926 -0.004584 0.834578 -0.545334 0.078045 1.000516
  2432 0.086600 -0.063900 0.005600 0.547297 0.836926 -0.004584 -0.062799 0.046568 0.996939 0.834578 -0.545334 0.078045 -0.006489
  2433 0.086600 -0.063900 0.005600 0.062799 -0.046568 -0.996939 0.547297 0.836926 -0.004584 0.834578 -0.545334 0.078045 -0.001654
  2441 0.078100 -0.062900 0.039400 0.261658 -0.205089 -0.943119 0.592694 0.805358 -0.010624 0.761727 -0.556201 0.332284 1.003922
  2442 0.078100 -0.062900 0.039400 0.261658 -0.205089 -0.943119 0.592694 0.805358 -0.010624 0.761727 -0.556201 0.332284 -0.007248
  2443 0.078100 -0.062900 0.039400 0.592694 0.805358 -0.010624 -0.261658 0.205089 0.943119 0.761727 -0.556201 0.332284 0.000965
  2511 0.063000 -0.090600 -0.027600 -0.020348 0.034341 -0.999203 0.801032 0.598606 0.004211 0.598273 -0.800309 -0.039689 1.001477
  2512 0.063000 -0.090600 -0.027600 -0.020348 0.034341 -0.999203 0.801032 0.598606 0.004211 0.598273 -0.800309 -0.039689 -0.000755
  2513 0.063000 -0.090600 -0.027600 0.801032 0.598606 0.004211 0.020348 -0.034341 0.999203 0.598273 -0.800309 -0.039689 -0.000338
  2521 0.086100 -0.066100 -0.028000 -0.019063 0.010157 -0.999767 0.564451 0.825463 -0.002408 0.825246 -0.564365 -0.021469 1.001837
  2522 0.086100 -0.066100 -0.028000 -0.019063 0.010157 -0.999767 0.564451 0.825463 -0.002408 0.825246 -0.564365 -0.021469 -0.005304
  2523 0.086100 -0.066100 -0.028000 0.564451 0.825463 -0.002408 0.019063 -0.010157 0.999767 0.825246 -0.564365 -0.021469 0.000168
  2531 0.075700 -0.079800 -0.062000 0.013419 -0.000029 -0.999910 0.714862 0.699199 0.009645 0.699136 -0.714927 0.009403 1.000768
  2532 0.075700 -0.079800 -0.062000 0.714862 0.699199 0.009645 -0.013419 0.000029 0.999910 0.699136 -0.714927 0.009403 -0.008671
  2533 0.075700 -0.079800 -0.062000 0.013419 -0.000029 -0.999910 0.714862 0.699199 0.009645 0.699136 -0.714927 0.009403 -0.000791
  2541 0.048800 -0.099400 -0.062100 0.010005 -0.004858 -0.999938 0.910674 0.413064 0.007179 0.413004 -0.910689 0.008557 0.996918
  2542 0.048800 -0.099400 -0.062100 0.910674 0.413064 0.007179 -0.010005 0.004858 0.999938 0.413004 -0.910689 0.008557 -0.009755
  2543 0.048800 -0.099400 -0.062100 0.010005 -0.004858 -0.999938 0.910674 0.413064 0.007179 0.413004 -0.910689 0.008557 0.001490
  2611 0.108700 -0.003300 -0.028000 0.006514 0.001667 -0.999977 0.047026 0.998892 0.001943 0.998872 -0.047038 0.006428 1.010798
  2612 0.108700 -0.003300 -0.028000 0.006514 0.001667 -0.999977 0.047026 0.998892 0.001943 0.998872 -0.047038 0.006428 -0.008528
  2613 0.108700 -0.003300 -0.028000 0.047026 0.998892 0.001943 -0.006514 -0.001667 0.999977 0.998872 -0.047038 0.006428 0.004037
  2621 0.106800 -0.020600 -0.062100 0.010200 0.005179 -0.999935 0.240268 0.970678 0.007459 0.970653 -0.240328 0.008656 0.997161
  2622 0.106800 -0.020600 -0.062100 0.240268 0.970678 0.007459 -0.010200 -0.005179 0.999935 0.970653 -0.240328 0.008656 -0.003125
  2623 0.106800 -0.020600 -0.062100 0.010200 0.005179 -0.999935 0.240268 0.970678 0.007459 0.970653 -0.240328 0.008656 -0.002302
  2631 0.095100 -0.052400 -0.062000 0.007239 0.007786 -0.999943 0.504929 0.863099 0.010329 0.863131 -0.504975 0.002316 0.997130
  2632 0.095100 -0.052400 -0.062000 0.504929 0.863099 0.010329 -0.007239 -0.007786 0.999943 0.863131 -0.504975 0.002316 -0.007039
  2633 0.095100 -0.052400 -0.062000 0.007239 0.007786 -0.999943 0.504929 0.863099 0.010329 0.863131 -0.504975 0.002316 -0.001311
  2641 0.101700 -0.036100 -0.027800 -0.020249 0.002683 -0.999791 0.325345 0.945587 -0.004072 0.945379 -0.325358 -0.020021 1.000698
  2642 0.101700 -0.036100 -0.027800 -0.020255 0.002666 -0.999791 0.325344 0.945587 -0.004090 0.945379 -0.325358 -0.020021 -0.005765
  2643 0.101700 -0.036100 -0.027800 0.325344 0.945587 -0.004090 0.020255 -0.002666 0.999791 0.945379 -0.325358 -0.020021 0.002395
